309.000000 55.000000 407.000000 424.000000
309.000000 56.000000 407.000000 424.000000
315.105000 68.720000 394.790000 411.280000
315.105000 68.720000 394.790000 411.280000
315.105000 1.000000 394.790000 411.280000
315.105000 1.000000 394.790000 411.280000
315.105000 1.000000 394.790000 411.280000
315.105000 1.000000 394.790000 411.280000
315.105000 1.000000 394.790000 411.280000
315.105000 1.000000 394.790000 411.280000
315.105000 1.000000 394.790000 411.280000
315.105000 1.000000 394.790000 411.280000
315.105000 1.000000 394.790000 411.280000
290.799988 -93.199997 379.600006 395.200012
313.575989 1.000000 379.600006 395.200012
254.000000 -101.400002 375.600006 391.200012
224.600006 -96.599998 357.600006 372.200012
222.000000 -78.400002 335.000000 348.799988
232.049988 1.000000 335.000000 348.799988
189.199997 -110.199997 316.799988 330.000000
199.497314 85.952393 240.841202 250.876251
199.497284 85.952393 240.841202 250.876251
180.000000 61.799999 236.199997 246.000000
151.000000 101.000000 264.799988 275.799988
116.199997 129.399994 269.600006 280.799988
100.024002 137.823975 269.600006 280.799988
76.800003 114.000000 257.000000 268.000000
-35.000000 116.199997 243.800003 254.000000
1.000000 131.440002 243.800003 254.000000
-97.599998 240.399994 242.000000 252.399994
14.800000 186.399994 241.800003 252.600006
84.599998 222.199997 238.000000 248.600006
117.199997 208.000000 228.000000 238.199997
107.599998 226.600006 213.800003 223.199997
104.199997 221.000000 201.000000 210.199997
54.000000 223.399994 206.399994 215.800003
-4.800000 341.200012 198.000000 207.000000
-92.199997 242.600006 192.800003 201.600006
24.799999 184.800003 192.000000 201.000000
85.000000 207.000000 191.600006 200.600006
68.599998 298.600006 198.399994 208.199997
178.000000 267.000000 212.199997 222.600006
145.399994 292.600006 203.800003 213.600006
206.199997 293.600006 205.800003 215.600006
191.600006 283.200012 207.399994 217.199997
215.199997 370.399994 209.600006 219.600006
162.000000 375.600006 199.000000 208.600006
118.400002 377.000000 196.600006 206.199997
29.000000 373.600006 192.199997 201.600006
-83.599998 382.799988 185.600006 194.800003
-96.599998 376.200012 194.800003 204.399994
1.000000 275.600006 194.800003 204.399994
-52.000000 323.000000 191.199997 200.399994
-71.400002 359.399994 196.600006 206.399994
-34.799999 378.799988 193.000000 202.399994
-48.599998 378.399994 193.600006 203.199997
-93.800003 366.000000 189.199997 198.600006
-69.199997 315.000000 197.399994 207.399994
-27.400000 234.000000 208.600006 219.000000
1.000000 234.000000 208.600006 219.000000
1.000000 171.570465 221.303741 232.337112
1.000000 136.165405 288.751221 303.147217
1.000000 136.165405 288.751221 303.147217
1.000000 136.165405 288.751221 303.147217
49.799999 89.800003 306.200012 321.399994
35.754059 92.850845 334.291901 350.886383
40.768433 98.745697 324.263153 340.359802
50.350418 99.205185 305.099182 320.244537
91.538818 104.008850 295.946198 310.637207
-96.400002 49.599998 295.799988 310.600006
-58.000000 146.600006 286.799988 301.000000
35.400002 196.399994 295.200012 310.200012
160.199997 283.000000 288.399994 303.000000
160.199997 177.000000 288.399994 303.000000
221.600006 226.000000 285.600006 300.000000
221.600021 180.000000 285.600006 300.000000
268.286652 249.094208 170.167908 178.747803
260.935394 224.963287 165.062866 173.385376
267.000000 245.399994 171.399994 180.000000
277.284058 202.200043 171.399994 180.000000
284.997101 194.100052 166.257996 174.600006
284.997101 199.338058 166.257996 174.600006
289.984833 199.338058 166.257996 174.600006
289.984833 199.338058 166.257996 174.600006
294.972565 199.338058 166.257996 174.600006
