207.000000 259.000000 366.000000 124.000000
207.000000 259.000000 366.000000 124.000000
196.020000 266.440000 366.000000 124.000000
196.020000 266.440000 366.000000 124.000000
185.040000 270.160000 366.000000 124.000000
174.060000 273.880000 366.000000 124.000000
174.060000 273.880000 366.000000 124.000000
163.080000 277.600000 366.000000 124.000000
152.100000 277.600000 366.000000 124.000000
152.100000 277.600000 366.000000 124.000000
162.915300 281.264200 344.369400 116.671600
162.760334 284.711846 324.017168 109.776308
137.600006 273.799988 348.200012 117.599998
93.760956 270.334747 391.549438 132.240723
20.440308 266.434265 414.647430 140.041779
1.000000 264.333618 427.086853 144.243027
1.000000 264.333618 427.086853 144.243027
1.000000 264.333618 427.086853 144.243027
-0.200000 258.200012 423.399994 142.800003
18.852997 260.341980 436.101990 147.084000
1.000000 258.135712 449.185059 151.496521
1.000000 258.135712 449.185059 151.496521
1.000000 258.135712 449.185059 151.496521
1.000000 258.135712 449.185059 151.496521
-136.399994 252.399994 444.799988 149.800003
1.000000 252.399994 444.799988 149.800003
1.000000 252.399994 444.799988 149.800003
30.400000 278.399994 478.000000 161.000000
1.000000 268.740021 478.000000 161.000000
1.000000 268.740021 478.000000 161.000000
1.000000 268.740021 478.000000 161.000000
1.000000 268.740021 478.000000 161.000000
1.000000 266.325012 492.339996 165.830002
93.599998 256.000000 493.799988 166.399994
57.898300 253.653702 478.985992 161.407990
57.898300 253.653641 478.985992 161.407990
57.898300 253.653580 478.985992 161.407990
57.898300 253.653549 478.985992 161.407990
72.052338 248.738678 450.677917 151.868774
98.878036 248.670349 424.042877 142.893326
124.320602 248.670349 424.042877 142.893326
124.320602 244.383545 424.042877 142.893326
124.320602 244.383545 424.042877 142.893326
124.320602 244.383545 424.042877 142.893326
130.681244 250.813751 411.321594 138.606522
130.681244 250.813751 411.321594 138.606522
130.681244 250.813751 411.321594 138.606522
161.600006 245.600006 418.200012 140.800003
174.146027 245.600006 418.200012 140.800003
192.965042 251.936005 405.654022 136.576004
202.800003 246.000000 416.200012 140.199997
196.557022 252.308990 428.686005 144.405991
183.503540 247.911835 454.792969 153.200317
220.399994 242.199997 437.799988 147.399994
214.226974 244.410995 424.665985 142.977997
207.856949 246.555664 411.925995 138.688660
207.856949 246.555664 411.925995 138.688660
195.499161 246.555664 411.925995 138.688660
195.499161 246.555664 411.925995 138.688660
195.499161 246.555664 411.925995 138.688660
207.671585 246.493240 387.581146 130.492157
207.671585 242.578476 387.581146 130.492157
207.671585 242.578476 387.581146 130.492157
194.000000 227.000000 392.799988 132.199997
199.891998 232.949005 404.583984 136.166000
199.891998 232.949005 404.583984 136.166000
234.399994 236.399994 385.000000 129.600006
222.676758 232.453690 408.446472 137.492645
216.550064 230.391296 420.699860 141.617432
235.481567 228.267029 433.320862 145.865952
234.288010 209.549805 487.706451 164.173416
126.599998 212.199997 457.000000 154.000000
