285.000000 167.000000 338.000000 312.000000
280.086663 158.784612 347.826674 321.070776
285.304063 163.600674 337.391874 311.438653
285.455889 164.029915 337.088221 311.158358
285.455889 164.029915 337.088221 311.158358
290.668453 154.843717 346.888387 320.204665
290.668453 145.237577 346.888387 320.204665
295.871779 140.434507 336.481735 310.598525
300.919005 135.775529 346.576187 319.916481
300.919005 135.775529 346.576187 319.916481
311.316291 135.775529 346.576187 319.916481
306.117648 130.976782 356.973473 329.513975
311.472250 126.034072 346.264269 319.628556
316.666214 130.828500 356.652197 329.217413
316.666214 120.951978 356.652197 329.217413
310.995444 95.964376 367.351763 339.093935
322.015997 95.964376 367.351763 339.093935
316.505720 101.050785 378.372316 349.266753
304.984283 109.462902 401.415190 370.537098
304.984283 109.462902 401.415190 370.537098
292.941828 109.462902 401.415190 370.537098
292.941828 109.462902 401.415190 370.537098
292.941828 109.462902 401.415190 370.537098
292.941828 109.462902 401.415190 370.537098
292.941828 109.462902 401.415190 370.537098
268.856916 109.462902 401.415190 370.537098
268.856916 109.462902 401.415190 370.537098
268.856916 109.462902 401.415190 370.537098
271.200012 233.000000 398.399994 367.799988
259.248047 112.200012 398.399994 367.799988
259.248047 112.200012 398.399994 367.799988
259.248047 112.200012 398.399994 367.799988
259.248047 112.200012 398.399994 367.799988
259.248047 112.200012 398.399994 367.799988
235.344070 112.200012 398.399994 367.799988
235.344070 112.200012 398.399994 367.799988
235.344070 112.200012 398.399994 367.799988
235.344070 112.200012 398.399994 367.799988
235.344070 112.200012 398.399994 367.799988
216.800003 7.400000 422.200012 389.799988
204.134003 90.200012 422.200012 389.799988
166.136017 1.000000 422.200012 389.799988
170.625229 115.314697 362.557526 334.734558
147.399994 54.799999 372.200012 343.399994
158.442307 114.408020 242.985626 224.183960
190.000000 149.199997 245.800003 226.600006
203.698059 96.115112 360.965576 332.769775
167.680298 5.549866 514.650635 474.450134
167.680298 5.549866 514.650635 474.450134
183.119812 5.549866 514.650635 474.450134
183.119812 5.549866 514.650635 474.450134
183.119812 5.549866 514.650635 474.450134
183.119812 5.549866 514.650635 474.450134
183.119812 5.549866 514.650635 474.450134
183.119812 5.549866 514.650635 474.450134
198.559326 5.549866 514.650635 474.450134
198.559326 5.549866 514.650635 474.450134
213.998840 5.549866 514.650635 474.450134
213.998840 5.549866 514.650635 474.450134
213.998840 5.549866 514.650635 474.450134
229.669952 0.000000 545.992859 480.000000
237.859894 0.000000 562.372620 480.000000
237.859894 0.000000 562.372620 480.000000
237.859894 0.000000 562.372620 480.000000
271.602325 0.000000 562.372620 480.000000
271.602325 0.000000 562.372620 480.000000
271.602325 0.000000 562.372620 480.000000
271.602325 0.000000 562.372620 480.000000
271.602325 0.000000 562.372620 480.000000
271.602325 0.000000 562.372620 480.000000
