247.000000 103.000000 269.000000 310.000000
238.930000 112.300000 269.000000 310.000000
235.019682 135.972685 276.820637 319.012630
226.839632 145.686620 276.571498 318.725519
214.393914 151.712716 284.868643 328.287284
205.847855 151.712716 284.868643 328.287284
205.847855 151.712716 284.868643 328.287284
184.482707 141.864097 293.414703 338.135903
175.680266 141.864097 293.414703 338.135903
153.674163 131.720020 302.217144 348.279980
149.140906 136.944220 293.150629 337.831580
131.683786 137.096244 292.886794 337.527532
144.832792 112.353620 266.588782 307.221272
145.072614 103.413356 266.109138 306.668523
141.204318 98.955469 273.845729 315.584297
141.719402 109.016589 289.739227 333.900225
141.719402 109.016589 289.739227 333.900225
142.240229 129.650812 288.697573 332.699806
133.449388 127.038776 306.279256 352.961224
133.449388 127.038776 306.279256 352.961224
151.826143 127.038776 306.279256 352.961224
169.392360 147.282371 271.146823 312.474034
192.036915 136.443896 225.857713 260.282122
198.711010 120.944096 225.654441 260.047869
188.248880 108.887366 246.578700 284.161327
180.851519 108.887366 246.578700 284.161327
195.646241 100.362526 246.578700 284.161327
195.646241 100.362526 246.578700 284.161327
278.399994 52.400002 258.799988 298.200012
315.699280 88.149544 196.747803 226.700912
315.699280 88.149544 196.747803 226.700912
315.699280 88.149544 196.747803 226.700912
315.699280 88.149544 196.747803 226.700912
315.699280 101.751595 196.747803 226.700912
306.668579 104.948067 202.650238 233.501938
285.208008 115.455658 208.729752 240.506989
237.492401 118.846802 214.991638 247.722198
237.492401 133.710129 214.991638 247.722198
89.400002 132.600006 224.000000 258.399994
89.399994 132.599991 224.000000 258.399994
82.679993 124.847992 224.000000 258.399994
72.599991 120.971985 230.720001 266.152008
65.678391 120.971985 230.720001 266.152008
65.678391 120.971985 230.720001 266.152008
72.496170 120.852234 244.770844 282.360657
75.713638 98.365860 283.756470 327.333405
66.937775 108.489441 319.370422 368.416626
66.937775 111.583374 319.370422 368.416626
86.100006 111.583374 319.370422 368.416626
86.100006 111.583374 319.370422 368.416626
86.100006 111.583374 319.370422 368.416626
86.100006 111.583374 319.370422 368.416626
105.262238 111.583374 319.370422 368.416626
124.424469 111.583374 319.370422 368.416626
133.861862 89.146820 338.820099 390.853180
138.944168 77.421234 348.984711 402.578766
138.787125 1.000000 370.237885 427.095825
138.787125 1.000000 370.237885 427.095825
