458.000000 40.000000 122.000000 378.000000
454.459673 29.030790 129.080654 399.938420
456.512055 68.063428 132.953074 411.936572
454.579383 55.896263 136.818418 423.912804
454.640951 56.087024 136.695282 423.531283
456.810662 62.809570 132.355861 410.086191
456.870222 62.994108 132.236740 409.717114
466.319118 81.052064 120.580283 373.601203
483.000000 122.599998 119.800003 371.200012
486.594025 1.000000 119.800003 371.200012
493.782013 1.000000 119.800003 371.200012
500.970001 1.000000 119.800003 371.200012
500.970001 1.000000 119.800003 371.200012
508.200012 89.199997 121.400002 375.799988
512.074097 1.000000 136.636765 422.966156
518.222778 44.344849 140.735870 435.655151
535.111023 44.344849 140.735870 435.655151
543.555115 44.344849 140.735870 435.655151
547.777161 44.344849 140.735870 435.655151
551.999207 44.344849 140.735870 435.655151
556.221252 44.344849 140.735870 435.655151
556.221252 44.344849 140.735870 435.655151
556.221252 44.344849 140.735870 435.655151
556.221252 44.344849 140.735870 435.655151
556.221252 44.344849 140.735870 435.655151
556.221252 44.344849 140.735870 435.655151
551.999207 44.344849 140.735870 435.655151
543.555054 44.344849 140.735870 435.655151
543.555054 44.344849 140.735870 435.655151
535.110901 44.344849 140.735870 435.655151
530.888855 44.344849 140.735870 435.655151
524.429077 31.275208 144.957947 448.724792
517.775574 1.000000 149.306686 462.186523
510.853180 0.000000 163.151443 480.000000
505.958649 0.000000 163.151443 480.000000
495.949280 0.000000 173.087372 480.000000
495.949280 0.000000 173.087372 480.000000
485.564026 0.000000 173.087372 480.000000
485.564026 0.000000 173.087372 480.000000
485.564026 0.000000 173.087372 480.000000
471.200012 84.000000 189.399994 470.000000
471.200012 10.000000 189.399994 470.000000
471.200012 10.000000 189.399994 470.000000
459.835999 10.000000 189.399994 470.000000
448.471985 10.000000 189.399994 470.000000
448.471985 10.000000 189.399994 470.000000
448.471985 10.000000 189.399994 470.000000
473.337921 61.971008 139.668137 346.589325
484.730591 83.190369 109.463959 271.637085
484.730591 83.190369 109.463959 271.637085
479.655457 54.298111 119.614227 296.825165
486.799988 11.000000 124.599998 309.200012
477.961151 59.681961 127.991783 317.616913
479.200012 -5.400000 129.199997 320.600006
475.327515 42.558548 136.944931 339.818420
468.653259 1.000000 158.756714 393.942688
468.653259 1.000000 158.756714 393.942688
468.653259 1.000000 158.756714 393.942688
473.415955 86.057312 158.756714 393.942688
473.415955 86.057312 158.756714 393.942688
468.653259 86.057312 158.756714 393.942688
459.127869 86.057312 158.756714 393.942688
444.839783 86.057312 158.756714 393.942688
432.933044 91.966446 153.994019 382.124420
425.936035 87.078888 140.546173 348.754639
421.656311 77.087082 132.239899 328.143219
413.781433 77.234756 124.424522 308.749939
409.992706 95.342957 117.071037 290.502808
395.786133 86.497131 124.200661 308.194427
388.334106 86.497131 124.200661 308.194427
386.471069 91.120041 120.474640 298.948608
388.386566 78.205460 116.860397 289.980164
381.374939 78.205460 116.860397 289.980164
383.127869 90.993591 113.354584 281.280762
383.127869 90.993591 113.354584 281.280762
